1 0.10376425855513305 0.6355052264808362 0.018307984790874515 0.017909407665505177
1 0.15279467680608366 0.5920383275261325 0.018384030418250874 0.018101045296167222
1 0.19648288973384034 0.6003484320557492 0.019182509505703483 0.018257839721254387
1 0.20979087452471487 0.6359930313588851 0.018307984790874515 0.017386759581881565
1 0.25509505703422053 0.6621080139372822 0.0185361216730038 0.017508710801393847
1 0.19648288973384034 0.7072822299651568 0.018593155893536068 0.017247386759581842
1 0.2332509505703422 0.6252439024390244 0.017110266159695818 0.01710801393728212
1 0.42133079847908744 0.6538153310104529 0.018174904942965676 0.018937282229965165
1 0.14904942965779464 0.6506271777003485 0.018250950570342248 0.017717770034843334
1 0.27960076045627374 0.3715853658536586 0.019486692015209126 0.01945993031358878
1 0.19807984790874525 0.517822299651568 0.018460076045627445 0.01609756097560977
1 0.2614828897338403 0.34961672473867594 0.01923954372623575 0.019198606271776972
1 0.42133079847908744 0.6259756097560976 0.017224334600760352 0.018135888501742106
1 0.4663688212927757 0.3720731707317073 0.018745247148289 0.018989547038327486
1 0.5457604562737642 0.34961672473867594 0.019334600760456195 0.01952961672473874
1 0.16397338403041825 0.620609756097561 0.014942965779467706 0.01653310104529618
1 0.5212357414448668 0.3701219512195122 0.019030418250950552 0.01909407665505233
1 0.5177756653992395 0.3388675958188153 0.019030418250950552 0.018937282229965165
1 0.5364258555133079 0.4023519163763066 0.018460076045627445 0.017386759581881565
1 0.44532319391634984 0.6467247386759583 0.018669201520912643 0.018902439024390285
1 0.238041825095057 0.5400348432055749 0.02085551330798484 0.01677700348432055
1 0.21615969581749048 0.5515331010452962 0.01756653992395439 0.01843205574912899
0 0.6506083650190114 0.6123867595818815 0.05697718631178712 0.07907665505226479