1 0.2509455128205128 0.2751780415430267 0.03173076923076925 0.038353115727003
1 0.2490705128205128 0.2722106824925816 0.031121794871794898 0.02876854599406526
1 0.15663461538461537 0.2707566765578635 0.030721153846153825 0.02810089020771513
1 0.18868589743589742 0.2327893175074184 0.030945512820512826 0.029985163204747745
1 0.43432692307692305 0.22571216617210682 0.028413461538461568 0.02661721068249258
1 0.4657051282051282 0.2680712166172107 0.026634615384615392 0.025563798219584596
1 0.2974519230769231 0.7006824925816023 0.030608974358974396 0.027744807121661788
1 0.14107371794871795 0.6293916913946587 0.025304487179487165 0.026454005934718163
1 0.24261217948717947 0.6196290801186943 0.030032051282051296 0.025089020771513305
1 0.2045032051282051 0.5976557863501484 0.03153846153846153 0.028486646884273065
1 0.3813141025641026 0.25146884272997033 0.02559294871794876 0.025370919881305673
1 0.5316185897435898 0.6132789317507419 0.030769230769230844 0.025860534124629006
1 0.6186538461538462 0.6972700296735904 0.026586538461538512 0.025222551928783383
1 0.2490705128205128 0.2722106824925816 0.031121794871794898 0.02876854599406526
0 0.37472756410256414 0.3759792284866469 0.13192307692307692 0.1063204747774481
1 0.15663461538461537 0.2707566765578635 0.030721153846153825 0.02810089020771513
1 0.18868589743589742 0.2327893175074184 0.030945512820512826 0.029985163204747745
1 0.43432692307692305 0.22571216617210682 0.028413461538461568 0.02661721068249258
1 0.4657051282051282 0.2680712166172107 0.026634615384615392 0.025563798219584596
1 0.2974519230769231 0.7006824925816023 0.030608974358974396 0.027744807121661788
1 0.14107371794871795 0.6293916913946587 0.025304487179487165 0.026454005934718163
1 0.24261217948717947 0.6196290801186943 0.030032051282051296 0.025089020771513305
1 0.2045032051282051 0.5976557863501484 0.03153846153846153 0.028486646884273065
1 0.3813141025641026 0.25146884272997033 0.02559294871794876 0.025370919881305673
1 0.5316185897435898 0.6132789317507419 0.030769230769230844 0.025860534124629006
1 0.6186538461538462 0.6972700296735904 0.026586538461538512 0.025222551928783383