1 0.145873417721519 0.5516260162601626 0.04746835443037975 0.0939837398373984
1 0.9569620253164557 0.3508536585365854 0.05136708860759485 0.09715447154471547
1 0.8695189873417721 0.5331300813008131 0.052531645569620256 0.10044715447154463
1 0.7829620253164556 0.8016666666666667 0.054278481012658364 0.1002439024390245
1 0.7058227848101266 0.42845528455284554 0.052911392405063234 0.09991869918699181
1 0.8532658227848102 0.271869918699187 0.053594936708860653 0.10378048780487806
1 0.6557721518987341 0.7789430894308943 0.04377215189873416 0.08735772357723581
1 0.44384810126582275 0.5339430894308943 0.05091139240506332 0.09113821138211388
1 0.28711392405063296 0.7703252032520326 0.04207594936708862 0.08626016260162613
1 0.9117974683544303 0.6570325203252032 0.046202531645569624 0.09199186991869916
1 0.37549367088607594 0.6797560975609757 0.05005063291139236 0.09247967479674797
1 0.729746835443038 0.6573983739837398 0.04559493670886074 0.09231707317073162
1 0.4335949367088608 0.21699186991869923 0.052911392405063234 0.10634146341463413
1 0.3256962025316455 0.6280081300813009 0.05612658227848095 0.1002439024390245
1 0.5056202531645569 0.6084146341463414 0.053189873417721495 0.09630081300813008
1 0.9457974683544303 0.9769105691056911 0.0527088607594938 0.04512195121951229
1 0.24901265822784813 0.47865853658536583 0.04691139240506322 0.08638211382113821
1 0.9819240506329114 0.841260162601626 0.036126582278480965 0.08418699186991861
1 0.4376455696202532 0.3257723577235772 0.022151898734177215 0.04878048780487805
0 0.5474683544303798 0.4128861788617886 0.14050632911392405 0.3165447154471545