1 0.4964365411436541 0.6520049200492004 0.014972105997210619 0.026814268142681372
1 0.4975592747559275 0.6535670356703567 0.013124128312412787 0.023050430504305053
1 0.5278312412831241 0.6856457564575646 0.011868898186889807 0.022521525215252084
1 0.5107391910739191 0.7032964329643296 0.012008368200836839 0.022447724477244774
1 0.4643584379358438 0.7588560885608857 0.013633193863319355 0.025289052890528838
1 0.5439470013947001 0.41693726937269376 0.014114365411436548 0.026285362853628542
1 0.5578591352859136 0.4483640836408364 0.013953974895397483 0.026592865928659292
1 0.4960948396094839 0.7709102091020911 0.012873082287308255 0.024514145141451494
1 0.5234379358437936 0.8065436654366545 0.011736401673640116 0.02227552275522771
1 0.4960948396094839 0.9218942189421894 0.011868898186889807 0.02332103321033215
1 0.42822175732217577 0.8198892988929889 0.013124128312412787 0.024612546125461245
1 0.47265690376569036 0.7996555965559655 0.010857740585774014 0.022275522755227428
1 0.6940934449093444 0.4483640836408364 0.013591352859135292 0.027724477244772405
1 0.505857740585774 0.8205412054120541 0.013165969316597009 0.02404674046740462
1 0.7346164574616458 0.44492004920049205 0.013277545327754508 0.026174661746617433
1 0.7525662482566249 0.41693726937269376 0.014281729428172955 0.0273185731857319
1 0.7319316596931659 0.4009963099630996 0.013688981868898263 0.0258794587945879
1 0.5395536959553696 0.8577859778597786 0.013068340306834037 0.0234194341943419
1 0.02099721059972099 0.5777736777367773 0.013026499302649815 0.0229766297662976
1 0.4614225941422594 0.8419557195571956 0.013953974895397483 0.02404674046740462
1 0.7458507670850767 0.4909963099630996 0.01343096234309607 0.023972939729397305
1 0.6618619246861924 0.8460516605166052 0.013793584379358419 0.027097170971709685
1 0.09668061366806144 0.599950799507995 0.012970711297071067 0.022521525215252084
1 0.08838214783821478 0.5687330873308734 0.01417712691771264 0.02741697416974165
1 0.011715481171548085 0.6376260762607626 0.013326359832636072 0.023972939729397305
1 0.6791980474198047 0.835608856088561 0.01282426778242669 0.02359163591635924
1 0.1347629009762901 0.624489544895449 0.011959553695955433 0.022619926199261977
1 0.24267782426778242 0.3949692496924969 0.013326359832636072 0.026285362853628542
1 0.21387029288702933 0.7119065190651906 0.013535564853556383 0.0256703567035669
1 0.11181311018131096 0.6443050430504305 0.012726638772663878 0.025990159901599152
1 0.15087866108786605 0.7293480934809349 0.013277545327754508 0.02359163591635924
1 0.26611576011157595 0.4061746617466175 0.01282426778242669 0.026076260762607682
1 0.23926080892608084 0.4668880688806888 0.011548117154811677 0.02350553505535057
1 0.1987308228730823 0.7401230012300123 0.012426778242677938 0.023690036900368992
1 0.0449232914923292 0.647970479704797 0.013479776847977635 0.02558425584255837
1 0.07861227336122735 0.681119311193112 0.010327754532775416 0.02227552275522771
1 0.09863319386331942 0.6931857318573185 0.011736401673640116 0.023148831488314803
1 0.03564156206415613 0.6688437884378844 0.012238493723849499 0.02287822878228771
1 0.048340306834030636 0.7741328413284133 0.013221757322175757 0.024329643296432932
1 0.020509065550906612 0.7330135301353015 0.012057182705718246 0.021758917589175957
1 0.0224616457461646 0.8741451414514146 0.013898186889818575 0.025006150061500525
1 0.12792887029288705 0.746789667896679 0.012426778242677938 0.025006150061500525
1 0.11181311018131096 0.7777982779827799 0.012873082287308255 0.02423124231242318
1 0.024414225941422587 0.8054612546125461 0.011687587168758869 0.021586715867158615
1 0.01465132496513249 0.9075276752767527 0.014009762900976391 0.026174661746617433
1 0.06054393305439326 0.8114883148831489 0.011778242677824178 0.023874538745387554
1 0.06054393305439326 0.8801845018450185 0.01252440725244075 0.024710947109470995
1 0.7714783821478381 0.27986469864698643 0.00942119944211978 0.01760147601476008
0 0.39305439330543934 0.4508487084870849 0.054497907949790855 0.14514145141451415