1 0.9096610169491525 0.25406657018813306 0.028163841807909682 0.03027496382054995
1 0.8715819209039548 0.22955137481910276 0.0246186440677967 0.02659913169319842
1 0.6269491525423728 0.22604920405209847 0.02692090395480218 0.029030390738060702
1 0.9462853107344633 0.2140376266280752 0.027796610169491615 0.029189580318379267
1 0.6782203389830509 0.26706222865412454 0.027118644067796675 0.026396526772792986
1 0.7807627118644067 0.14248914616497835 0.024435028248587506 0.026338639652677347
1 0.6518502824858757 0.3085962373371925 0.024435028248587506 0.02549927641099856
1 0.6342796610169491 0.10897250361794494 0.024237288135593175 0.025890014471780173
1 0.1240819209039548 0.19752532561505065 0.027330508474576264 0.028697539797394974
1 0.16748587570621468 0.21253256150506514 0.025127118644067786 0.026801736613603445
1 0.7592796610169492 0.07845151953690309 0.02748587570621474 0.030274963820550033
1 0.36840395480225985 0.221548480463097 0.025225988700564993 0.025890014471780173
1 0.40697740112994346 0.22204052098408097 0.021906779661016937 0.02535455861070909
1 0.7626977401129944 0.2070332850940665 0.0212146892655367 0.02694645441389275
1 0.5839830508474576 0.201534008683068 0.020593220338983108 0.025224312590448716
1 0.6215819209039548 0.07095513748191024 0.02194915254237283 0.025658465991316957
1 0.7812570621468926 0.03892908827785815 0.025381355932203427 0.02643994211287986
1 0.1451412429378531 0.15751085383502175 0.023700564971751412 0.025455861070911603
1 0.3581497175141243 0.05044862518089727 0.026652542372881362 0.028263386396526733
1 0.12694915254237288 0.49219971056439943 0.027584745762711867 0.028914616497829258
1 0.0830084745762712 0.4751953690303908 0.023870056497175128 0.026599131693198257
1 0.659180790960452 0.03994211287988426 0.025268361581920886 0.025455861070911603
1 0.15271186440677967 0.4701881331403762 0.021454802259887003 0.0253111432706223
1 0.3486299435028249 0.6152677279305354 0.024802259887005653 0.02589001447178001
1 0.38110169491525425 0.015918958031837915 0.027528248587570633 0.02619392185238771
1 0.4011299435028249 0.5114616497829233 0.021581920903954763 0.02473227206946459
1 0.0750141242937853 0.7716208393632418 0.024844632768361588 0.025036179450072294
1 0.9721610169491525 0.9368306801736614 0.022203389830508513 0.026396526772793066
1 0.9213841807909605 0.9545730824891462 0.0289830508474576 0.029971056439942165
1 0.37841807909604525 0.5915050651230102 0.027175141242937868 0.026903039073806125
1 0.96045197740113 0.9898697539797395 0.025423728813559324 0.020260492040520984
1 0.397457627118644 0.7693632416787265 0.027951977401129893 0.02969609261939216
1 0.06189265536723164 0.6480463096960927 0.026709039548022593 0.027887120115774214
1 0.11879943502824859 0.73178002894356 0.02577683615819209 0.028292329956584594
1 0.10165254237288135 0.6220984081041968 0.02831920903954804 0.03253256150506515
1 0.06412429378531073 0.7083068017366136 0.028771186440677974 0.028060781476121545
1 0.34281073446327687 0.7379160636758321 0.03360169491525427 0.04056439942112876
1 0.3460310734463277 0.5633574529667149 0.02716101694915257 0.03678726483357447
1 0.5008474576271187 0.5545151953690304 0.025550847457627163 0.03183791606367583
1 0.4586016949152542 0.5795224312590449 0.012895480225988694 0.014399421128798908
1 0.22491525423728814 0.5879450072358899 0.02346045197740115 0.02202604920405214
0 0.4559604519774011 0.6242257597684515 0.10261299435028245 0.14612156295224316