0 0.578149726110773 0.517578947368421 0.05216676810712114 0.12021052631578946
1 0.6119354838709677 0.234 0.010766889835666498 0.02311578947368419
1 0.6118137553256239 0.2326526315789474 0.010529519172245864 0.02021052631578946
1 0.5834936092513694 0.2432105263157895 0.010243457090687722 0.019221052631578937
1 0.6035179549604383 0.31203157894736844 0.010900791235544785 0.02069473684210523
1 0.5136701156421181 0.1187578947368421 0.010815581253804007 0.021168421052631593
1 0.5922824102251978 0.20477894736842103 0.01029214850882537 0.0203684210526316
1 0.5869141813755325 0.2940842105263158 0.011552038953134522 0.02234736842105265
1 0.5957029823493609 0.41991578947368424 0.010407790626901952 0.018852631578947336
1 0.538088861838101 0.11474736842105264 0.009817407181984242 0.01958947368421051
1 0.6147474132684114 0.4072421052631579 0.011162507608034035 0.02141052631578951
1 0.6557638466220329 0.34010526315789474 0.012379793061473004 0.02092631578947368
1 0.5214850882531954 0.08803157894736842 0.011034692635423072 0.021589473684210516
1 0.7075167376749848 0.22736842105263158 0.011868533171028607 0.02005263157894738
1 0.6254899573950091 0.4235052631578947 0.008880097382836294 0.019978947368421072
1 0.731442483262325 0.2063684210526316 0.012428484479610513 0.023126315789473714
1 0.3281253804017042 0.30844210526315785 0.011326841144248265 0.0217473684210526
1 0.7089835666463785 0.3542526315789474 0.009969567863664095 0.019368421052631556
1 0.7236335970785149 0.3360947368421053 0.01146682897139388 0.020526315789473684
1 0.3554716981132075 0.2856421052631579 0.013122337188070569 0.02322105263157889
1 0.3312964090079124 0.27297894736842104 0.011965916007303762 0.0203684210526316
1 0.0703104077906269 0.2643157894736842 0.011466828971393794 0.022694736842105264
1 0.16711503347534998 0.43110526315789477 0.009561777236762043 0.02069473684210523
1 0.22326841144248324 0.4095684210526315 0.010243457090687792 0.020136842105263154
1 0.21252586731588557 0.4357473684210526 0.010566037735849064 0.02101052631578951
1 0.7329093122337188 0.3945789473684211 0.009190505173463122 0.019368421052631556
1 0.056762020693852715 0.2940842105263158 0.010133901399878275 0.020452631578947316
1 0.6323250152160682 0.610978947368421 0.011034692635423072 0.0207684210526316
1 0.13720632988435788 0.6700842105263158 0.010949482653682294 0.021252631578947426
1 0.6132805842970177 0.6219473684210527 0.012483262325015211 0.023052631578947463
1 0.08361533779671333 0.28501052631578944 0.010493000608642732 0.02149473684210522
1 0.7758794887401096 0.3603789473684211 0.01177723676202064 0.020294736842105233
1 0.755861229458308 0.3420105263157895 0.012428484479610513 0.0217473684210526
1 0.6225562994522215 0.649821052631579 0.01017041996348139 0.019368421052631674
1 0.15099817407181984 0.6827578947368421 0.009933049300060861 0.018568421052631685
1 0.974607425441266 0.045421052631578945 0.010407790626901952 0.02061052631578947
1 0.7670906877662812 0.2951473684210526 0.011643335362142489 0.02295789473684205
1 0.9785149117468046 0.08433684210526317 0.009190505173463122 0.017999999999999995
1 0.16662811929397442 0.6544631578947369 0.009190505173463192 0.01899999999999995
1 0.7348630553864882 0.6033684210526317 0.009713937918441896 0.01899999999999995
1 0.7187522824102253 0.6046421052631579 0.010693852708460233 0.0206105263157894
1 0.7236335970785149 0.7541157894736842 0.010858186244674465 0.01914736842105269
1 0.8901339013998782 0.8030947368421053 0.01177723676202064 0.02226315789473694
1 0.9565429093122336 0.07146315789473684 0.012921485088253207 0.02322105263157895
1 0.9609373097991478 0.771421052631579 0.01209981740718205 0.02286315789473687
1 0.9521485088253197 0.5801473684210526 0.01159464394400498 0.02252631578947378
1 0.8964820450395619 0.7376421052631579 0.010493000608642594 0.020368421052631484
1 0.9648447961046865 0.79 0.01214850882531956 0.019084210526315905
1 0.8964820450395619 0.6607999999999999 0.010614729153986643 0.020136842105263272
1 0.8403347534996958 0.5417263157894737 0.010566037735849134 0.01893684210526317
1 0.9355447352404138 0.5983052631578947 0.009817407181984242 0.019894736842105357
1 0.7143578819233111 0.729621052631579 0.011917224589166116 0.02295789473684205
1 0.9672854534388314 0.6097052631578948 0.01214850882531956 0.0237684210526315
1 0.872069385270846 0.8258947368421052 0.010371272063298822 0.021168421052631475
1 0.85253804017042 0.5717052631578947 0.012337188070602545 0.02069473684210535
1 0.9963481436396835 0.7743789473684211 0.007303712720632989 0.02149473684210534
1 0.8442361533779671 0.7368 0.011071211199026204 0.0209263157894738
1 0.8300791235544734 0.6012631578947369 0.012057212416311592 0.022431578947368365
1 0.8334936092513695 0.6874 0.010566037735849134 0.02149473684210534
1 0.8872063298843579 0.7085052631578947 0.011917224589166116 0.02260000000000003
1 0.8277601947656725 0.7140947368421052 0.008241022519780867 0.017357894736842114
1 0.8125015216068169 0.619421052631579 0.009817407181984242 0.0207684210526316
1 0.8881862446743761 0.6152000000000001 0.009860012172854423 0.019452631578947388
1 0.7106755934266586 0.3187263157894737 0.010566037735849134 0.020094736842105297