1 0.896235741444867 0.36449477351916376 0.018307984790874515 0.017909407665505177
1 0.8472053231939164 0.40796167247386755 0.018384030418250874 0.018101045296167222
1 0.8035171102661597 0.3996515679442509 0.019182509505703483 0.018257839721254387
1 0.7902091254752851 0.364006968641115 0.018307984790874515 0.017386759581881565
1 0.7449049429657795 0.33789198606271775 0.0185361216730038 0.017508710801393747
1 0.8035171102661597 0.2927177700348432 0.018593155893536068 0.017247386759581842
1 0.7667490494296578 0.3747560975609756 0.017110266159695818 0.01710801393728222
1 0.5786692015209125 0.34618466898954703 0.018174904942965676 0.018937282229965165
1 0.8509505703422053 0.34937282229965155 0.018250950570342248 0.017717770034843233
1 0.7203992395437262 0.6284146341463415 0.019486692015209126 0.01945993031358878
1 0.8019201520912548 0.48217770034843205 0.018460076045627445 0.01609756097560977
1 0.7385171102661596 0.650383275261324 0.01923954372623575 0.019198606271776972
1 0.5786692015209125 0.37402439024390244 0.017224334600760352 0.018135888501742203
1 0.5336311787072243 0.6279268292682927 0.018745247148289 0.018989547038327486
1 0.45423954372623576 0.650383275261324 0.019334600760456302 0.01952961672473874
1 0.8360266159695817 0.37939024390243903 0.014942965779467706 0.01653310104529618
1 0.47876425855513316 0.6298780487804878 0.019030418250950608 0.01909407665505233
1 0.48222433460076053 0.6611324041811847 0.019030418250950608 0.018937282229965165
1 0.46357414448669204 0.5976480836236934 0.018460076045627338 0.017386759581881565
1 0.5546768060836502 0.3532752613240418 0.018669201520912643 0.018902439024390285
1 0.761958174904943 0.45996515679442507 0.02085551330798484 0.01677700348432055
1 0.7838403041825095 0.4484668989547039 0.01756653992395439 0.018432055749128942
0 0.3493916349809886 0.3876132404181185 0.05697718631178702 0.07907665505226479