1 0.49108808290155437 0.482 0.030880829015544033 0.06337209302325582
1 0.5347322970639034 0.44569767441860464 0.03186528497409334 0.054116279069767396
1 0.45419689119170986 0.38420930232558137 0.03620034542314341 0.05241860465116271
1 0.4018307426597582 0.34737209302325583 0.03319516407599304 0.051558139534883626
1 0.5149395509499136 0.30593023255813956 0.03131260794473229 0.04939534883720932
0 0.2774438687392055 0.3867209302325582 0.1693782383419689 0.27395348837209293
1 0.6559067357512953 0.4596046511627907 0.03440414507772014 0.05004651162790694
1 0.6366493955094992 0.407 0.03504317789291876 0.04558139534883726
1 0.7255613126079448 0.39667441860465114 0.030880829015544033 0.04486046511627899
1 0.7135578583765112 0.18253488372093024 0.03340241796200351 0.046511627906976744
1 0.6568566493955095 0.14483720930232552 0.031658031088082975 0.0458139534883722
1 0.6389291882556131 0.22823255813953486 0.029309153713298838 0.04909302325581399