1 0.3413251155624037 0.5278055555555555 0.030924499229583964 0.03374999999999994
1 0.34343605546995376 0.7036111111111112 0.02624036979969179 0.02329166666666664
1 0.4669491525423729 0.7285138888888889 0.027503852080123303 0.02443055555555544
1 0.3924653312788906 0.7250972222222223 0.027211093990755046 0.02372222222222212
1 0.4891525423728813 0.6064444444444445 0.02906009244992298 0.025374999999999974
1 0.5037750385208012 0.6899444444444445 0.02628659476117095 0.024388888888888814
1 0.6581664098613251 0.6958055555555556 0.028258859784283562 0.025083333333333256
1 0.8569645608628659 0.7099583333333335 0.025932203389830398 0.02438888888888889
1 0.6511248073959938 0.7421944444444445 0.027411402157164814 0.025222222222222337
1 0.7047457627118644 0.7265694444444445 0.028736517719568533 0.026763888888888865
1 0.9387673343605547 0.7026388888888888 0.033081664098613295 0.029138888888888916
1 0.7497072419106318 0.7763611111111112 0.02647149460708775 0.02372222222222212
1 0.8006317411402157 0.7475555555555555 0.028520801232665625 0.025416666666666605
1 0.8775500770416024 0.6713888888888888 0.02835130970724205 0.025222222222222177
1 0.7643297380585516 0.7280277777777777 0.02505392912172572 0.02461111111111115
1 0.4596302003081664 0.6264583333333333 0.020816640986132496 0.018097222222222185
1 0.4610939907550077 0.8493472222222221 0.0186132511556241 0.019861111111111048
1 0.5791679506933745 0.7490972222222223 0.02351309707241909 0.013680555555555429
1 0.38329738058551616 0.5002083333333333 0.01984591679506933 0.03179166666666665
0 0.4026964560862866 0.6200694444444445 0.10032357473035441 0.1311527777777777