1 0.7251808972503618 0.34118483412322276 0.028480463096960854 0.029605055292259097
1 0.37377713458755424 0.8778830963665087 0.02532561505065123 0.02927330173775667
1 0.2098408104196816 0.7659557661927331 0.02837916063675834 0.03224328593996836
1 0.6025325615050652 0.6449605055292259 0.02590448625180894 0.030631911532385446
1 0.3395947901591896 0.7424960505529226 0.02762662807525322 0.028720379146919352
1 0.24060781476121562 0.7307740916271722 0.027901591895803143 0.03192733017377573
1 0.933589001447178 0.5458135860979463 0.029421128798842153 0.03145339652448652
1 0.882807525325615 0.5021011058451816 0.025079594790159084 0.027756714060031676
1 0.6069319826338639 0.5591469194312796 0.02971056439942109 0.03311216429699848
1 0.49072358900144714 0.8053870458135861 0.023140376266280765 0.028720379146919352
1 0.5512735166425471 0.6860031595576619 0.027525325615050625 0.030805687203791468
1 0.44872648335745297 0.7893996840442338 0.025658465991316957 0.02827804107424957
1 0.622561505065123 0.5135703001579779 0.030795947901591857 0.03379146919431277
1 0.6801736613603473 0.3944391785150079 0.023198263386396488 0.02600315955766194
1 0.5278292329956585 0.638562401263823 0.022937771345875574 0.028672985781990484
1 0.4211432706222865 0.8517693522906793 0.029421128798842316 0.03285939968404416
1 0.3068885672937771 0.7963349131121643 0.025513748191027488 0.028925750394944712
1 0.4204052098408104 0.6817377567140601 0.02986975397973949 0.0346445497630331
1 0.5314037626628075 0.5502527646129541 0.028031837916063684 0.029099526066350648
1 0.5268596237337192 0.5500789889415482 0.02470332850940673 0.029605055292259097
1 0.3881765557163531 0.7201105845181675 0.025658465991316957 0.02898894154818329
1 0.5600578871201157 0.8469668246445498 0.02801736613603475 0.030284360189573575
1 0.6059623733719248 0.5591469194312796 0.028104196816208335 0.03181674565560819
1 0.5786107091172215 0.8224486571879936 0.026353111432706276 0.031216429699842008
1 0.622561505065123 0.5133017377567141 0.029204052098408033 0.031690363349131036
1 0.6108393632416786 0.739826224328594 0.0249927641099855 0.02927330173775667
1 0.6796816208393632 0.39657187993680887 0.023733719247467405 0.029952606635071058
1 0.60205499276411 0.6449605055292259 0.02513748191027497 0.03052132701421809
1 0.7324167872648336 0.4085624012638231 0.026193921852387794 0.0297156398104265
1 0.882807525325615 0.5034439178515008 0.02451519536903047 0.028767772511848397
1 0.7265557163531114 0.6177725118483413 0.02586107091172215 0.02954186413902061
1 0.6284225759768451 0.8618957345971565 0.028437047756874063 0.03355450236966826
1 0.8105499276410999 0.5618009478672986 0.02418234442836474 0.0263981042654029
1 0.7016642547033285 0.7686097946287519 0.027380607814761156 0.030000000000000013
1 0.5278292329956585 0.6390995260663507 0.02232995658465984 0.029431279620853075
1 0.658205499276411 0.7121169036334912 0.02795947901591903 0.029431279620853075
1 0.46997105643994214 0.9498420221169036 0.027525325615050625 0.032669826224328694
1 0.933589001447178 0.544218009478673 0.027959479015918866 0.029605055292259097
1 0.4526338639652677 0.9109320695102686 0.02897250361794498 0.030805687203791468
1 0.4213892908827786 0.852306477093207 0.029088277858176588 0.033870458135861065
1 0.4208972503617945 0.6812006319115324 0.028437047756874063 0.03279620853080567
1 0.7988277858176556 0.6028436018957346 0.02526772793053551 0.03086887835702996
1 0.8896526772793053 0.6225750394944707 0.021534008683068175 0.02827804107424957
1 0.6093777134587554 0.9397156398104266 0.028060781476121545 0.03157977883096368
1 0.5502894356005789 0.6881358609794629 0.027525325615050625 0.032369668246445514
1 0.48973950795947907 0.8064612954186414 0.022416787264833586 0.029668246445497586
1 0.7485383502170767 0.6662717219589257 0.021910274963820614 0.026919431279620796
1 0.4484804630969609 0.7920695102685624 0.02532561505065123 0.031990521327014215
1 0.3068885672937771 0.7984676145339653 0.025224312590448637 0.031753554502369705
1 0.658205499276411 0.9130647709320695 0.024471780028943513 0.03132701421800936
1 0.984862518089725 0.9338546603475514 0.023241678726483278 0.029715639810426454
1 0.7485383502170767 0.8608214849921011 0.029088277858176505 0.03406003159557653
1 0.7919971056439942 0.8992101105845183 0.028437047756874227 0.0329857819905215
1 0.832026049204052 0.6827962085308057 0.027120115774240245 0.02905213270142178
0 0.4258031837916064 0.30415481832543445 0.09541244573082498 0.16881516587677728