1 0.8123580365736285 0.5569172932330827 0.014157844080847004 0.03287593984962408
1 0.8110394610202117 0.5577631578947368 0.016727622714148325 0.03317669172932326
1 0.8339846005774784 0.5842293233082707 0.016583253128007718 0.03406015037593986
1 0.8168912415784408 0.741578947368421 0.016660250240615924 0.03421052631578956
1 0.8872088546679499 0.7310714285714286 0.014783445620789124 0.03203007518797007
1 0.8544947064485082 0.6874436090225564 0.01826756496631378 0.03706766917293238
1 0.8525409047160731 0.5098496240601504 0.018161693936477277 0.034605263157894674
1 0.8408180943214629 0.7648120300751879 0.018431183830606438 0.03471804511278201
1 0.8989220404234841 0.669342105263158 0.01785370548604423 0.03721804511278187
1 0.7705101058710297 0.19466165413533834 0.019913378248315742 0.03939849624060157
1 0.7949181905678536 0.8206015037593986 0.018373435996150066 0.03498120300751882
1 0.7890664100096246 0.14507518796992483 0.01882579403272372 0.04056390977443617
1 0.9492204042348412 0.762312030075188 0.018508180943214648 0.037424812030075125
1 0.8544947064485082 0.9191729323308271 0.01764196342637144 0.03366541353383452
1 0.9023484119345524 0.7966353383458646 0.018642925890279008 0.03620300751879697
1 0.626948989412897 0.8029511278195489 0.01882579403272372 0.03986842105263165
1 0.6020500481231954 0.7861466165413534 0.01757459095283926 0.03609022556390986
1 0.5815399422521655 0.1951503759398496 0.018508180943214648 0.040169172932330834
1 0.5253897978825794 0.190375939849624 0.01847930702598657 0.0394924812030075
1 0.5102502406159769 0.2604699248120301 0.017988450433108812 0.03691729323308268
1 0.5288065447545717 0.12315789473684208 0.018161693936477277 0.038139097744360834
1 0.5004908565928777 0.14507518796992483 0.018190567853705573 0.040939849624060096
0 0.37052935514918195 0.23631578947368426 0.06688161693936479 0.20422932330827062