1 0.5035634588563459 0.34799507995079954 0.014972105997210619 0.026814268142681372
1 0.5024407252440726 0.34643296432964327 0.013124128312412787 0.023050430504305053
1 0.4721687587168759 0.3143542435424354 0.011868898186889807 0.02252152521525212
1 0.4892608089260809 0.29670356703567036 0.012008368200836839 0.022447724477244774
1 0.5356415620641563 0.2411439114391144 0.013633193863319355 0.025289052890528907
1 0.45605299860529985 0.5830627306273063 0.014114365411436548 0.026285362853628542
1 0.4421408647140865 0.5516359163591636 0.013953974895397483 0.026592865928659292
1 0.503905160390516 0.22908979089790898 0.012873082287308255 0.024514145141451425
1 0.4765620641562064 0.19345633456334563 0.011736401673640116 0.02227552275522757
1 0.503905160390516 0.07810578105781057 0.011868898186889807 0.023321033210332114
1 0.5717782426778242 0.18011070110701108 0.013124128312412787 0.024612546125461245
1 0.5273430962343096 0.20034440344403442 0.010857740585774014 0.02227552275522757
1 0.3059065550906555 0.5516359163591636 0.013591352859135292 0.027724477244772405
1 0.49414225941422596 0.1794587945879459 0.013165969316597009 0.02404674046740469
1 0.2653835425383543 0.555079950799508 0.013277545327754508 0.026174661746617433
1 0.24743375174337517 0.5830627306273063 0.014281729428172955 0.0273185731857319
1 0.2680683403068341 0.5990036900369003 0.013688981868898184 0.0258794587945879
1 0.4604463040446304 0.1422140221402214 0.013068340306834037 0.023419434194341934
1 0.979002789400279 0.4222263222632226 0.013026499302649815 0.0229766297662976
1 0.5385774058577406 0.15804428044280444 0.013953974895397483 0.02404674046740469
1 0.2541492329149233 0.5090036900369004 0.013430962343096228 0.023972939729397305
1 0.3381380753138075 0.15394833948339484 0.013793584379358419 0.027097170971709737
1 0.9033193863319385 0.40004920049200493 0.012970711297071067 0.022521525215252084
1 0.9116178521617853 0.4312669126691267 0.01417712691771264 0.02741697416974165
1 0.9882845188284519 0.36237392373923744 0.013326359832636072 0.023972939729397305
1 0.3208019525801952 0.1643911439114391 0.01282426778242677 0.023591635916359172
1 0.8652370990237099 0.37551045510455106 0.011959553695955433 0.022619926199261977
1 0.7573221757322176 0.6050307503075031 0.013326359832636072 0.026285362853628542
1 0.7861297071129707 0.28809348093480935 0.013535564853556383 0.02567035670356704
1 0.888186889818689 0.3556949569495695 0.012726638772663878 0.02599015990159901
1 0.8491213389121339 0.2706519065190652 0.013277545327754508 0.023591635916359172
1 0.7338842398884241 0.5938253382533825 0.01282426778242669 0.026076260762607682
1 0.7607391910739192 0.5331119311193112 0.011548117154811677 0.02350553505535057
1 0.8012691771269177 0.2598769987699877 0.012426778242677938 0.023690036900368992
1 0.9550767085076708 0.35202952029520296 0.013479776847977635 0.02558425584255837
1 0.9213877266387727 0.3188806888068881 0.010327754532775416 0.02227552275522757
1 0.9013668061366805 0.3068142681426814 0.011736401673640116 0.02314883148831491
1 0.9643584379358439 0.33115621156211567 0.012238493723849499 0.02287822878228785
1 0.9516596931659693 0.22586715867158672 0.013221757322175757 0.024329643296432932
1 0.9794909344490934 0.26698646986469865 0.012057182705718246 0.021758917589175888
1 0.9775383542538354 0.12585485854858547 0.013898186889818575 0.025006150061500594
1 0.872071129707113 0.25321033210332106 0.012426778242677938 0.025006150061500594
1 0.888186889818689 0.2222017220172202 0.012873082287308255 0.024231242312423112
1 0.9755857740585774 0.19453874538745386 0.011687587168758869 0.021586715867158685
1 0.9853486750348676 0.09247232472324723 0.014009762900976391 0.026174661746617468
1 0.9394560669456068 0.18851168511685115 0.011778242677824178 0.023874538745387485
1 0.9394560669456068 0.11981549815498155 0.01252440725244075 0.0247109471094711
1 0.22852161785216177 0.7201353013530135 0.009421199442119938 0.01760147601476008
0 0.6069456066945607 0.5491512915129151 0.054497907949790855 0.14514145141451415