1 0.6986075949367089 0.7654485049833887 0.03417721518987338 0.0762790697674418
1 0.6962929475587704 0.7661129568106312 0.03180831826401452 0.07295681063122916
1 0.2819891500904159 0.8544518272425249 0.03359855334538876 0.07747508305647847
1 0.15148282097649185 0.8540199335548173 0.03296564195298371 0.07574750830564779
1 0.2985895117540687 0.6651827242524917 0.03913200723327303 0.08504983388704326
1 0.19349005424954793 0.5400332225913622 0.03918625678119352 0.08807308970099664
1 0.5991139240506329 0.9437209302325581 0.030108499095840825 0.06883720930232567
1 0.1199276672694394 0.6014950166112957 0.03594936708860759 0.07877076411960127
1 0.3349547920433996 0.9517940199335548 0.030144665461121187 0.07093023255813961
1 0.18200723327305607 0.7486046511627907 0.03839059674502711 0.08242524916943522
1 0.6254972875226039 0.7078073089700997 0.03549728752260397 0.0796677740863788
1 0.38867992766726944 0.673687707641196 0.028933092224231464 0.06847176079734224
1 0.5693309222423146 0.827109634551495 0.036781193490054306 0.07491694352159473
1 0.06981916817359855 0.649468438538206 0.0383363471971067 0.08146179401993349
1 0.05499095840867993 0.8306976744186045 0.0405244122965642 0.0855149501661129
1 0.5346654611211573 0.8683720930232558 0.033905967450271246 0.06777408637873747
1 0.06994575045207957 0.37990033222591363 0.04061482820976491 0.09451827242524913
1 0.24291139240506332 0.9625581395348838 0.03942133815551539 0.06833887043189385
1 0.4902350813743219 0.4929568106312292 0.0442857142857143 0.09352159468438531
1 0.09622061482820976 0.9830564784053155 0.03869801084990957 0.03388704318936892
1 0.44276672694394215 0.817375415282392 0.03558770343580472 0.07212624584717602
0 0.47327305605786624 0.6501993355481728 0.14408679927667276 0.2693687707641195