1 0.6986075949367089 0.23455149501661127 0.03417721518987338 0.0762790697674418
1 0.6962929475587704 0.2338870431893688 0.03180831826401452 0.07295681063122916
1 0.2819891500904159 0.14554817275747509 0.03359855334538876 0.07747508305647847
1 0.15148282097649185 0.14598006644518272 0.03296564195298371 0.07574750830564779
1 0.2985895117540687 0.3348172757475083 0.03913200723327303 0.08504983388704326
1 0.19349005424954793 0.45996677740863784 0.03918625678119352 0.08807308970099664
1 0.5991139240506329 0.056279069767441854 0.030108499095840825 0.06883720930232567
1 0.1199276672694394 0.39850498338870427 0.03594936708860759 0.07877076411960127
1 0.3349547920433996 0.04820598006644515 0.030144665461121187 0.07093023255813961
1 0.18200723327305607 0.25139534883720926 0.03839059674502711 0.08242524916943522
1 0.6254972875226039 0.2921926910299003 0.03549728752260397 0.0796677740863788
1 0.38867992766726944 0.326312292358804 0.028933092224231464 0.06847176079734224
1 0.5693309222423146 0.17289036544850495 0.036781193490054306 0.07491694352159473
1 0.06981916817359855 0.350531561461794 0.0383363471971067 0.08146179401993349
1 0.05499095840867993 0.16930232558139546 0.0405244122965642 0.0855149501661129
1 0.5346654611211573 0.1316279069767442 0.033905967450271246 0.06777408637873747
1 0.06994575045207957 0.6200996677740864 0.040614828209764905 0.09451827242524913
1 0.24291139240506332 0.03744186046511622 0.03942133815551539 0.06833887043189385
1 0.4902350813743219 0.5070431893687708 0.0442857142857143 0.09352159468438531
1 0.09622061482820976 0.01694352159468446 0.03869801084990957 0.03388704318936892
1 0.44276672694394215 0.18262458471760798 0.03558770343580472 0.07212624584717602
0 0.47327305605786624 0.3498006644518272 0.1440867992766728 0.2693687707641195