1 0.854126582278481 0.5516260162601626 0.04746835443037975 0.0939837398373984
1 0.043037974683544304 0.3508536585365854 0.05136708860759494 0.09715447154471547
1 0.13048101265822784 0.5331300813008131 0.052531645569620256 0.10044715447154469
1 0.21703797468354433 0.8016666666666667 0.054278481012658225 0.1002439024390245
1 0.29417721518987344 0.42845528455284554 0.052911392405063304 0.09991869918699181
1 0.1467341772151899 0.271869918699187 0.053594936708860764 0.10378048780487806
1 0.34422784810126583 0.7789430894308943 0.04377215189873419 0.08735772357723581
1 0.5561518987341773 0.5339430894308943 0.05091139240506332 0.09113821138211388
1 0.712886075949367 0.7703252032520326 0.04207594936708862 0.08626016260162613
1 0.08820253164556963 0.6570325203252032 0.046202531645569624 0.09199186991869916
1 0.6245063291139241 0.6797560975609757 0.05005063291139236 0.09247967479674797
1 0.270253164556962 0.6573983739837398 0.04559493670886074 0.09231707317073162
1 0.5664050632911393 0.21699186991869923 0.052911392405063234 0.10634146341463416
1 0.6743037974683544 0.6280081300813009 0.05612658227848098 0.1002439024390245
1 0.49437974683544306 0.6084146341463414 0.053189873417721495 0.09630081300813008
1 0.054202531645569624 0.9769105691056911 0.05270886075949367 0.04512195121951229
1 0.7509873417721519 0.47865853658536583 0.04691139240506322 0.08638211382113821
1 0.018075949367088603 0.841260162601626 0.03612658227848101 0.08418699186991861
1 0.5623544303797469 0.3257723577235772 0.022151898734177215 0.04878048780487805
0 0.4525316455696203 0.4128861788617886 0.14050632911392405 0.3165447154471545