1 0.6586748844375964 0.5278055555555555 0.030924499229583877 0.03374999999999994
1 0.6565639445300463 0.7036111111111112 0.02624036979969179 0.02329166666666664
1 0.5330508474576271 0.7285138888888889 0.027503852080123303 0.02443055555555544
1 0.6075346687211094 0.7250972222222223 0.027211093990755133 0.02372222222222212
1 0.5108474576271187 0.6064444444444445 0.02906009244992298 0.025374999999999974
1 0.4962249614791988 0.6899444444444445 0.02628659476117095 0.024388888888888814
1 0.3418335901386749 0.6958055555555556 0.028258859784283562 0.025083333333333256
1 0.14303543913713412 0.7099583333333335 0.025932203389830398 0.024388888888888814
1 0.3488751926040062 0.7421944444444445 0.027411402157164814 0.025222222222222337
1 0.2952542372881356 0.7265694444444445 0.028736517719568533 0.026763888888888865
1 0.061232665639445315 0.7026388888888888 0.033081664098613295 0.029138888888888916
1 0.25029275808936824 0.7763611111111112 0.02647149460708775 0.02372222222222212
1 0.19936825885978426 0.7475555555555555 0.028520801232665625 0.025416666666666605
1 0.12244992295839757 0.6713888888888888 0.02835130970724205 0.025222222222222177
1 0.23567026194144836 0.7280277777777777 0.02505392912172572 0.02461111111111115
1 0.5403697996918335 0.6264583333333333 0.020816640986132496 0.018097222222222185
1 0.5389060092449923 0.8493472222222221 0.0186132511556241 0.019861111111111048
1 0.4208320493066256 0.7490972222222223 0.02351309707241909 0.013680555555555429
1 0.6167026194144838 0.5002083333333333 0.01984591679506933 0.03179166666666665
0 0.5973035439137133 0.6200694444444445 0.10032357473035441 0.1311527777777777