1 0.5363535031847133 0.7647724137931035 0.035350318471337655 0.03360000000000018
1 0.47265923566878976 0.7813655172413794 0.03189490445859868 0.03211034482758617
1 0.46646496815286626 0.7343724137931034 0.03031847133757956 0.032041379310344856
1 0.16361464968152867 0.5661655172413793 0.02968152866242036 0.03296551724137928
1 0.19136942675159238 0.6010758620689655 0.027085987261146482 0.03143448275862064
1 0.9503184713375795 0.9846758620689655 0.03300955414012742 0.02955862068965526
0 0.5081687898089172 0.5515172413793104 0.1553025477707006 0.14464827586206896
1 0.9492675159235668 0.9850482758620689 0.02791401273885346 0.02645517241379319
1 0.47265923566878976 0.7843034482758621 0.03113057324840757 0.027227586206896564
1 0.5363535031847133 0.7662344827586207 0.03396496815286631 0.0292000000000001
1 0.46504777070063696 0.7365655172413793 0.02754777070063687 0.02681379310344835