1 0.27481910274963817 0.34118483412322276 0.028480463096960854 0.029605055292259097
1 0.6262228654124458 0.8778830963665087 0.02532561505065123 0.02927330173775667
1 0.7901591895803184 0.7659557661927331 0.028379160636758504 0.03224328593996836
1 0.3974674384949348 0.6449605055292259 0.02590448625180894 0.030631911532385446
1 0.6604052098408104 0.7424960505529226 0.027626628075253137 0.028720379146919352
1 0.7593921852387844 0.7307740916271722 0.027901591895803143 0.03192733017377573
1 0.06641099855282198 0.5458135860979463 0.029421128798842153 0.03145339652448652
1 0.11719247467438497 0.5021011058451816 0.025079594790159084 0.027756714060031676
1 0.39306801736613606 0.5591469194312796 0.02971056439942109 0.03311216429699848
1 0.5092764109985528 0.8053870458135861 0.023140376266280765 0.028720379146919352
1 0.44872648335745297 0.6860031595576619 0.027525325615050625 0.030805687203791468
1 0.5512735166425471 0.7893996840442338 0.025658465991316957 0.02827804107424957
1 0.37743849493487697 0.5135703001579779 0.030795947901591857 0.03379146919431277
1 0.31982633863965265 0.3944391785150079 0.023198263386396488 0.026003159557661984
1 0.4721707670043415 0.638562401263823 0.022937771345875574 0.028672985781990484
1 0.5788567293777135 0.8517693522906793 0.029421128798842316 0.03285939968404416
1 0.6931114327062229 0.7963349131121643 0.025513748191027488 0.028925750394944622
1 0.5795947901591896 0.6817377567140601 0.02986975397973949 0.0346445497630331
1 0.46859623733719247 0.5502527646129541 0.028031837916063684 0.029099526066350648
1 0.47314037626628075 0.5500789889415482 0.02470332850940673 0.029605055292259097
1 0.6118234442836469 0.7201105845181675 0.025658465991316957 0.02898894154818329
1 0.4399421128798842 0.8469668246445498 0.02801736613603475 0.030284360189573575
1 0.39403762662807523 0.5591469194312796 0.028104196816208335 0.03181674565560819
1 0.4213892908827786 0.8224486571879936 0.026353111432706276 0.031216429699842008
1 0.37743849493487697 0.5133017377567141 0.029204052098408033 0.031690363349131036
1 0.3891606367583213 0.739826224328594 0.0249927641099855 0.02927330173775667
1 0.3203183791606367 0.39657187993680887 0.023733719247467405 0.029952606635071058
1 0.39794500723589005 0.6449605055292259 0.02513748191027497 0.03052132701421809
1 0.2675832127351664 0.4085624012638231 0.026193921852387794 0.029715639810426454
1 0.11719247467438497 0.5034439178515008 0.02451519536903047 0.028767772511848397
1 0.27344428364688855 0.6177725118483413 0.02586107091172215 0.02954186413902061
1 0.37157742402315486 0.8618957345971565 0.028437047756874063 0.03355450236966826
1 0.1894500723589001 0.5618009478672986 0.02418234442836474 0.0263981042654029
1 0.29833574529667145 0.7686097946287519 0.027380607814761156 0.030000000000000013
1 0.4721707670043415 0.6390995260663507 0.02232995658465984 0.029431279620853075
1 0.341794500723589 0.7121169036334912 0.02795947901591903 0.029431279620853075
1 0.5300289435600579 0.9498420221169036 0.027525325615050625 0.032669826224328694
1 0.06641099855282198 0.544218009478673 0.027959479015918866 0.029605055292259097
1 0.5473661360347323 0.9109320695102686 0.02897250361794498 0.030805687203791468
1 0.5786107091172215 0.852306477093207 0.029088277858176588 0.033870458135861065
1 0.5791027496382055 0.6812006319115324 0.028437047756874063 0.03279620853080567
1 0.2011722141823444 0.6028436018957346 0.02526772793053551 0.03086887835702996
1 0.11034732272069464 0.6225750394944707 0.021534008683068175 0.02827804107424957
1 0.3906222865412446 0.9397156398104266 0.028060781476121545 0.03157977883096368
1 0.44971056439942114 0.6881358609794629 0.027525325615050625 0.032369668246445514
1 0.5102604920405209 0.8064612954186414 0.022416787264833586 0.029668246445497586
1 0.2514616497829233 0.6662717219589257 0.021910274963820614 0.026919431279620796
1 0.5515195369030391 0.7920695102685624 0.02532561505065123 0.031990521327014215
1 0.6931114327062229 0.7984676145339653 0.025224312590448553 0.031753554502369705
1 0.341794500723589 0.9130647709320695 0.024471780028943513 0.03132701421800936
1 0.015137481910275016 0.9338546603475514 0.023241678726483278 0.029715639810426454
1 0.2514616497829233 0.8608214849921011 0.029088277858176505 0.03406003159557653
1 0.2080028943560058 0.8992101105845183 0.028437047756874227 0.0329857819905215
1 0.16797395079594798 0.6827962085308057 0.027120115774240245 0.02905213270142178
0 0.5741968162083936 0.30415481832543445 0.09541244573082498 0.16881516587677728