1 0.8123580365736285 0.4430827067669173 0.014157844080847004 0.03287593984962408
1 0.8110394610202117 0.44223684210526315 0.016727622714148325 0.03317669172932326
1 0.8339846005774784 0.41577067669172935 0.016583253128007718 0.03406015037593986
1 0.8168912415784408 0.25842105263157894 0.016660250240615924 0.034210526315789455
1 0.8872088546679499 0.2689285714285714 0.014783445620789124 0.032030075187969964
1 0.8544947064485082 0.3125563909774436 0.01826756496631378 0.03706766917293228
1 0.8525409047160731 0.4901503759398496 0.018161693936477277 0.03460526315789473
1 0.8408180943214629 0.23518796992481203 0.018431183830606438 0.03471804511278198
1 0.8989220404234841 0.3306578947368421 0.01785370548604423 0.037218045112781976
1 0.7705101058710297 0.8053383458646617 0.019913378248315742 0.03939849624060157
1 0.7949181905678536 0.1793984962406015 0.018373435996150066 0.03498120300751882
1 0.7890664100096246 0.8549248120300752 0.01882579403272372 0.04056390977443617
1 0.9492204042348412 0.23768796992481203 0.018508180943214648 0.03742481203007518
1 0.8544947064485082 0.08082706766917293 0.01764196342637144 0.03366541353383458
1 0.9023484119345524 0.20336466165413533 0.018642925890279008 0.03620300751879697
1 0.626948989412897 0.1970488721804511 0.01882579403272372 0.039868421052631595
1 0.6020500481231954 0.2138533834586466 0.01757459095283926 0.036090225563909756
1 0.5815399422521655 0.8048496240601504 0.018508180943214648 0.040169172932330834
1 0.5253897978825794 0.809624060150376 0.01847930702598657 0.0394924812030075
1 0.5102502406159769 0.73953007518797 0.017988450433108812 0.03691729323308268
1 0.5288065447545717 0.876842105263158 0.018161693936477277 0.038139097744360834
1 0.5004908565928777 0.8549248120300752 0.018190567853705517 0.040939849624060096
0 0.37052935514918195 0.7636842105263157 0.06688161693936479 0.20422932330827062