1 0.0903389830508475 0.7459334298118669 0.028163841807909682 0.030274963820550033
1 0.12841807909604513 0.7704486251808973 0.0246186440677967 0.02659913169319842
1 0.3730508474576271 0.7739507959479015 0.02692090395480218 0.029030390738060702
1 0.053714689265536686 0.7859623733719248 0.027796610169491615 0.029189580318379267
1 0.32177966101694916 0.7329377713458755 0.027118644067796675 0.026396526772793066
1 0.21923728813559326 0.8575108538350217 0.024435028248587506 0.026338639652677347
1 0.3481497175141243 0.6914037626628076 0.024435028248587506 0.02549927641099856
1 0.36572033898305084 0.891027496382055 0.024237288135593175 0.025890014471780173
1 0.8759180790960451 0.8024746743849493 0.027330508474576142 0.028697539797394974
1 0.8325141242937852 0.7874674384949348 0.025127118644067744 0.026801736613603445
1 0.24072033898305079 0.9215484804630969 0.02748587570621474 0.030274963820550033
1 0.6315960451977402 0.778451519536903 0.025225988700564993 0.025890014471780173
1 0.5930225988700565 0.777959479015919 0.021906779661016937 0.02535455861070909
1 0.23730225988700562 0.7929667149059335 0.0212146892655367 0.02694645441389275
1 0.4160169491525424 0.798465991316932 0.020593220338983108 0.025224312590448716
1 0.37841807909604525 0.9290448625180897 0.02194915254237283 0.025658465991316957
1 0.21874293785310736 0.9610709117221419 0.025381355932203427 0.02643994211287986
1 0.8548587570621469 0.8424891461649783 0.023700564971751374 0.025455861070911603
1 0.6418502824858757 0.9495513748191027 0.026652542372881362 0.028263386396526733
1 0.8730508474576272 0.5078002894356005 0.027584745762711825 0.028914616497829258
1 0.9169915254237289 0.5248046309696093 0.02387005649717527 0.026599131693198257
1 0.34081920903954804 0.9600578871201157 0.025268361581920886 0.025455861070911603
1 0.8472881355932204 0.5298118668596238 0.021454802259887083 0.0253111432706223
1 0.651370056497175 0.3847322720694646 0.024802259887005573 0.02589001447178001
1 0.6188983050847457 0.984081041968162 0.027528248587570633 0.02619392185238771
1 0.5988700564971752 0.4885383502170767 0.021581920903954763 0.02473227206946459
1 0.9249858757062147 0.22837916063675834 0.024844632768361467 0.025036179450072374
1 0.027838983050847508 0.06316931982633864 0.022203389830508513 0.026396526772793045
1 0.0786158192090395 0.045426917510853836 0.0289830508474576 0.029971056439942124
1 0.6215819209039548 0.40849493487698985 0.027175141242937868 0.026903039073806125
1 0.03954802259887006 0.010130246020260492 0.025423728813559324 0.020260492040520984
1 0.6025423728813559 0.23063675832127353 0.027951977401129893 0.02969609261939216
1 0.9381073446327682 0.3519536903039074 0.026709039548022714 0.027887120115774214
1 0.8812005649717514 0.26821997105643997 0.02577683615819209 0.028292329956584678
1 0.8983474576271187 0.3779015918958032 0.02831920903954796 0.03253256150506515
1 0.9358757062146893 0.2916931982633864 0.028771186440678134 0.028060781476121545
1 0.6571892655367231 0.2620839363241679 0.033601694915254186 0.04056439942112884
1 0.6539689265536723 0.43664254703328514 0.02716101694915257 0.03678726483357447
1 0.4991525423728813 0.44548480463096957 0.025550847457627163 0.03183791606367583
1 0.5413983050847457 0.42047756874095515 0.012895480225988694 0.014399421128798908
1 0.7750847457627118 0.41205499276411 0.02346045197740131 0.02202604920405214
0 0.5440395480225989 0.37577424023154854 0.10261299435028245 0.14612156295224316