1 0.9096610169491525 0.7459334298118669 0.028163841807909682 0.03027496382054995
1 0.8715819209039548 0.7704486251808973 0.0246186440677967 0.02659913169319842
1 0.6269491525423728 0.7739507959479015 0.02692090395480218 0.029030390738060702
1 0.9462853107344633 0.7859623733719248 0.027796610169491615 0.029189580318379267
1 0.6782203389830509 0.7329377713458755 0.027118644067796675 0.026396526772792986
1 0.7807627118644067 0.8575108538350217 0.024435028248587506 0.026338639652677347
1 0.6518502824858757 0.6914037626628076 0.024435028248587506 0.02549927641099856
1 0.6342796610169491 0.891027496382055 0.024237288135593175 0.025890014471780173
1 0.1240819209039548 0.8024746743849493 0.027330508474576264 0.028697539797394974
1 0.16748587570621468 0.7874674384949348 0.025127118644067786 0.026801736613603445
1 0.7592796610169492 0.9215484804630969 0.02748587570621474 0.030274963820550033
1 0.36840395480225985 0.778451519536903 0.025225988700564993 0.025890014471780173
1 0.40697740112994346 0.777959479015919 0.021906779661016937 0.02535455861070909
1 0.7626977401129944 0.7929667149059335 0.0212146892655367 0.02694645441389275
1 0.5839830508474576 0.798465991316932 0.020593220338983108 0.025224312590448716
1 0.6215819209039548 0.9290448625180897 0.02194915254237283 0.025658465991316957
1 0.7812570621468926 0.9610709117221419 0.025381355932203427 0.02643994211287986
1 0.1451412429378531 0.8424891461649783 0.023700564971751412 0.025455861070911603
1 0.3581497175141243 0.9495513748191027 0.026652542372881362 0.028263386396526733
1 0.12694915254237288 0.5078002894356005 0.027584745762711867 0.028914616497829258
1 0.0830084745762712 0.5248046309696093 0.023870056497175128 0.026599131693198257
1 0.659180790960452 0.9600578871201157 0.025268361581920886 0.025455861070911603
1 0.15271186440677967 0.5298118668596238 0.021454802259887003 0.0253111432706223
1 0.3486299435028249 0.3847322720694646 0.024802259887005653 0.02589001447178001
1 0.38110169491525425 0.984081041968162 0.027528248587570633 0.02619392185238771
1 0.4011299435028249 0.4885383502170767 0.021581920903954763 0.02473227206946459
1 0.0750141242937853 0.22837916063675834 0.024844632768361588 0.025036179450072374
1 0.9721610169491525 0.06316931982633864 0.022203389830508513 0.026396526772793045
1 0.9213841807909605 0.045426917510853836 0.0289830508474576 0.02997105643994212
1 0.37841807909604525 0.40849493487698985 0.027175141242937868 0.026903039073806125
1 0.96045197740113 0.010130246020260492 0.025423728813559324 0.020260492040520984
1 0.397457627118644 0.23063675832127353 0.027951977401129893 0.02969609261939216
1 0.06189265536723164 0.3519536903039074 0.026709039548022593 0.027887120115774214
1 0.11879943502824859 0.26821997105643997 0.02577683615819209 0.028292329956584678
1 0.10165254237288135 0.3779015918958032 0.02831920903954803 0.03253256150506515
1 0.06412429378531073 0.2916931982633864 0.028771186440677974 0.028060781476121545
1 0.34281073446327687 0.2620839363241679 0.03360169491525427 0.04056439942112884
1 0.3460310734463277 0.43664254703328514 0.02716101694915257 0.03678726483357447
1 0.5008474576271187 0.44548480463096957 0.025550847457627163 0.03183791606367583
1 0.4586016949152542 0.42047756874095515 0.012895480225988694 0.014399421128798908
1 0.22491525423728814 0.41205499276411 0.02346045197740115 0.02202604920405214
0 0.4559604519774011 0.37577424023154854 0.10261299435028245 0.14612156295224316