1 0.46364649681528664 0.23522758620689654 0.035350318471337655 0.03360000000000002
1 0.5273407643312102 0.21863448275862069 0.03189490445859868 0.03211034482758617
1 0.5335350318471338 0.2656275862068966 0.03031847133757956 0.032041379310344856
1 0.8363853503184714 0.43383448275862063 0.02968152866242018 0.03296551724137928
1 0.8086305732484077 0.39892413793103454 0.027085987261146572 0.03143448275862064
1 0.049681528662420454 0.015324137931034482 0.03300955414012742 0.02955862068965517
0 0.49183121019108283 0.44848275862068965 0.1553025477707006 0.14464827586206896
1 0.050732484076433146 0.014951724137931034 0.02791401273885346 0.026455172413793103
1 0.5273407643312102 0.21569655172413793 0.03113057324840757 0.027227586206896564
1 0.46364649681528664 0.23376551724137928 0.03396496815286631 0.02920000000000002
1 0.534952229299363 0.2634344827586207 0.02754777070063687 0.026813793103448273