1 0.5363535031847133 0.23522758620689654 0.035350318471337655 0.03360000000000002
1 0.47265923566878976 0.21863448275862069 0.03189490445859868 0.03211034482758617
1 0.46646496815286626 0.2656275862068966 0.03031847133757956 0.032041379310344856
1 0.16361464968152867 0.43383448275862063 0.02968152866242036 0.03296551724137928
1 0.19136942675159238 0.39892413793103454 0.027085987261146482 0.03143448275862064
1 0.9503184713375795 0.015324137931034482 0.03300955414012742 0.02955862068965517
0 0.5081687898089172 0.44848275862068965 0.1553025477707006 0.14464827586206896
1 0.9492675159235668 0.014951724137931034 0.02791401273885346 0.026455172413793103
1 0.47265923566878976 0.21569655172413793 0.03113057324840757 0.027227586206896564
1 0.5363535031847133 0.23376551724137928 0.03396496815286631 0.02920000000000002
1 0.46504777070063696 0.2634344827586207 0.02754777070063687 0.026813793103448273