1 0.18764196342637154 0.4430827067669173 0.014157844080847004 0.03287593984962408
1 0.1889605389797883 0.44223684210526315 0.016727622714148325 0.03317669172932326
1 0.16601539942252166 0.41577067669172935 0.016583253128007718 0.03406015037593986
1 0.1831087584215592 0.25842105263157894 0.016660250240615924 0.034210526315789455
1 0.1127911453320501 0.2689285714285714 0.014783445620789124 0.032030075187969964
1 0.14550529355149178 0.3125563909774436 0.01826756496631378 0.03706766917293228
1 0.1474590952839269 0.4901503759398496 0.018161693936477277 0.034605263157894674
1 0.15918190567853704 0.23518796992481203 0.018431183830606438 0.03471804511278201
1 0.10107795957651586 0.3306578947368421 0.01785370548604423 0.037218045112781976
1 0.22948989412897022 0.8053383458646617 0.019913378248315742 0.03939849624060157
1 0.20508180943214632 0.1793984962406015 0.018373435996150066 0.03498120300751882
1 0.21093358999037534 0.8549248120300752 0.01882579403272372 0.04056390977443617
1 0.0507795957651588 0.23768796992481203 0.018508180943214648 0.03742481203007518
1 0.14550529355149178 0.08082706766917293 0.01764196342637144 0.03366541353383458
1 0.09765158806544758 0.20336466165413533 0.018642925890279008 0.03620300751879697
1 0.373051010587103 0.1970488721804511 0.01882579403272372 0.039868421052631595
1 0.39794995187680465 0.2138533834586466 0.01757459095283926 0.036090225563909756
1 0.41846005774783446 0.8048496240601504 0.018508180943214648 0.040169172932330834
1 0.4746102021174206 0.809624060150376 0.01847930702598657 0.0394924812030075
1 0.4897497593840231 0.73953007518797 0.017988450433108812 0.03691729323308268
1 0.4711934552454283 0.876842105263158 0.018161693936477277 0.038139097744360834
1 0.49950914340712227 0.8549248120300752 0.018190567853705573 0.040939849624060096
0 0.629470644850818 0.7636842105263157 0.06688161693936479 0.20422932330827062