1 0.21592882991556092 0.32689606741573035 0.008799758745476496 0.02574438202247189
1 0.21557901085645356 0.3266151685393259 0.008950542822677944 0.02742977528089884
1 0.21716525934861278 0.3954073033707865 0.011550060313630867 0.028721910112359614
1 0.2639143546441496 0.5778932584269663 0.010247285886610379 0.027752808988764033
1 0.19531363088057901 0.44146067415730333 0.01137515078407721 0.02619382022471907
1 0.1866465621230398 0.6043398876404494 0.009336550060313642 0.026896067415730304
1 0.2413329312424608 0.5545926966292135 0.010615199034981919 0.02619382022471907
1 0.25708082026538 0.523314606741573 0.012056694813027749 0.03043539325842691
1 0.7807599517490953 0.7544241573033708 0.009933655006031243 0.02549157303370799
1 0.9721652593486128 0.8766573033707864 0.012056694813027612 0.02963483146067403
1 0.7563449939686369 0.7606741573033708 0.010651387213510166 0.028497191011235903
1 0.20239445114595897 0.6429915730337079 0.012334137515078435 0.030660112359550618
1 0.6943365500603137 0.422120786516854 0.01040410132689988 0.02648876404494384
1 0.6518576598311219 0.24077247191011236 0.009300361881785327 0.0230477528089888
1 0.08331121833534379 0.8482303370786518 0.010856453558504222 0.027317415730337143
1 0.31811821471652596 0.9516994382022472 0.011869722557297988 0.030323033707865054
1 0.12487937273823885 0.8868820224719102 0.012237635705669494 0.027106741573033645
1 0.6455066344993968 0.3249016853932584 0.010651387213510166 0.026601123595505614
1 0.5761700844390832 0.9647752808988763 0.011779252110977065 0.028075842696629227
1 0.3310554885404101 0.980688202247191 0.011779252110977065 0.02619382022471923
1 0.0490410132689988 0.8459550561797754 0.010693606755126652 0.026081460674157213
1 0.16772617611580215 0.8465308988764045 0.011598311218335355 0.02568820224719096
1 0.09436067551266586 0.9198595505617978 0.012098914354644151 0.027640449438202336
1 0.6367189384800965 0.21887640449438203 0.009933655006031243 0.02669943820224718
1 0.3044451145958987 0.9892275280898877 0.010820265379975907 0.01990168539325853
1 0.718751507840772 0.2708988764044944 0.01103136308805788 0.026081460674157293
1 0.1506332931242461 0.8107022471910112 0.011731001206272627 0.026896067415730463
1 0.8261700844390832 0.9255477528089888 0.010488540410132613 0.027106741573033645
1 0.6943365500603137 0.23366573033707866 0.011164053075995306 0.029971910112359515
1 0.6884740651387213 0.37266853932584265 0.010367913148371564 0.026376404494381986
1 0.6240229191797347 0.2780056179775281 0.01182750301568162 0.031039325842696662
1 0.8344752714113389 0.87438202247191 0.010530759951749118 0.02648876404494368
1 0.7143546441495778 0.401376404494382 0.01040410132689988 0.02619382022471907
1 0.6879855247285886 0.2663483146067416 0.011115802171290613 0.02742977528089884
1 0.9482448733413752 0.903370786516854 0.011731001206272507 0.026896067415730463
1 0.600096501809409 0.9818258426966291 0.013124246079613986 0.029396067415730427
1 0.7651387213510252 0.7168960674157304 0.010247285886610242 0.027106741573033725
1 0.8540048250904705 0.9101966292134831 0.010615199034981851 0.026601123595505694
1 0.12914957780458383 0.8260533707865169 0.012147165259348605 0.02928370786516841
1 0.06176718938480096 0.8107022471910112 0.012098914354644151 0.02883426966292131
1 0.6059589867310011 0.3004634831460674 0.012098914354644117 0.03009831460674158
1 0.829589867310012 0.9880898876404494 0.013124246079614125 0.020449438202247115
0 0.5444149577804583 0.3985955056179775 0.05920386007237641 0.16550561797752814