1 0.21592882991556092 0.6731039325842697 0.008799758745476496 0.02574438202247181
1 0.21557901085645356 0.6733848314606742 0.008950542822677944 0.02742977528089884
1 0.21716525934861278 0.6045926966292136 0.011550060313630867 0.028721910112359614
1 0.2639143546441496 0.42210674157303374 0.010247285886610379 0.027752808988764033
1 0.19531363088057901 0.5585393258426966 0.01137515078407721 0.02619382022471907
1 0.1866465621230398 0.3956601123595505 0.009336550060313642 0.026896067415730304
1 0.2413329312424608 0.4454073033707865 0.010615199034981919 0.02619382022471907
1 0.25708082026538 0.47668539325842696 0.012056694813027749 0.03043539325842691
1 0.7807599517490953 0.24557584269662924 0.009933655006031243 0.02549157303370799
1 0.9721652593486128 0.12334269662921356 0.012056694813027612 0.02963483146067403
1 0.7563449939686369 0.23932584269662918 0.010651387213510166 0.028497191011235903
1 0.20239445114595897 0.35700842696629215 0.012334137515078435 0.030660112359550618
1 0.6943365500603137 0.5778792134831461 0.01040410132689988 0.02648876404494384
1 0.6518576598311219 0.7592275280898876 0.009300361881785327 0.02304775280898888
1 0.08331121833534379 0.15176966292134825 0.010856453558504222 0.027317415730337143
1 0.31811821471652596 0.04830056179775279 0.011869722557297988 0.030323033707865054
1 0.12487937273823885 0.11311797752808983 0.012237635705669494 0.027106741573033645
1 0.6455066344993968 0.6750983146067415 0.010651387213510166 0.026601123595505694
1 0.5761700844390832 0.03522471910112365 0.011779252110977065 0.028075842696629227
1 0.3310554885404101 0.019311797752808987 0.011779252110977065 0.02619382022471923
1 0.0490410132689988 0.15404494382022466 0.010693606755126652 0.026081460674157213
1 0.16772617611580215 0.1534691011235955 0.011598311218335355 0.02568820224719096
1 0.09436067551266586 0.08014044943820217 0.012098914354644151 0.027640449438202336
1 0.6367189384800965 0.7811235955056179 0.009933655006031243 0.02669943820224718
1 0.3044451145958987 0.010772471910112302 0.010820265379975907 0.01990168539325853
1 0.718751507840772 0.7291011235955056 0.01103136308805788 0.026081460674157213
1 0.1506332931242461 0.18929775280898872 0.011731001206272644 0.026896067415730463
1 0.8261700844390832 0.07445224719101122 0.010488540410132613 0.027106741573033645
1 0.6943365500603137 0.7663342696629214 0.011164053075995306 0.029971910112359435
1 0.6884740651387213 0.6273314606741573 0.010367913148371564 0.026376404494381986
1 0.6240229191797347 0.7219943820224718 0.01182750301568162 0.031039325842696582
1 0.8344752714113389 0.12561797752808995 0.010530759951749118 0.02648876404494368
1 0.7143546441495778 0.5986235955056181 0.01040410132689988 0.02619382022471907
1 0.6879855247285886 0.7336516853932584 0.011115802171290613 0.02742977528089884
1 0.9482448733413752 0.096629213483146 0.011731001206272507 0.026896067415730463
1 0.600096501809409 0.018174157303370863 0.013124246079613986 0.029396067415730427
1 0.7651387213510252 0.2831039325842696 0.010247285886610242 0.027106741573033725
1 0.8540048250904705 0.08980337078651693 0.010615199034981851 0.026601123595505694
1 0.12914957780458383 0.17394662921348317 0.012147165259348605 0.02928370786516841
1 0.06176718938480096 0.18929775280898872 0.012098914354644151 0.02883426966292131
1 0.6059589867310011 0.6995365168539326 0.012098914354644117 0.030098314606741502
1 0.829589867310012 0.011910112359550588 0.013124246079614125 0.020449438202247115
0 0.5444149577804583 0.6014044943820225 0.05920386007237641 0.16550561797752814