1 0.5035634588563459 0.6520049200492004 0.014972105997210619 0.026814268142681372
1 0.5024407252440726 0.6535670356703567 0.013124128312412787 0.023050430504305053
1 0.4721687587168759 0.6856457564575646 0.011868898186889807 0.022521525215252084
1 0.4892608089260809 0.7032964329643296 0.012008368200836839 0.022447724477244774
1 0.5356415620641563 0.7588560885608857 0.013633193863319355 0.025289052890528838
1 0.45605299860529985 0.41693726937269376 0.014114365411436548 0.026285362853628542
1 0.4421408647140865 0.4483640836408364 0.013953974895397483 0.026592865928659292
1 0.503905160390516 0.7709102091020911 0.012873082287308255 0.024514145141451494
1 0.4765620641562064 0.8065436654366545 0.011736401673640116 0.02227552275522771
1 0.503905160390516 0.9218942189421894 0.011868898186889807 0.02332103321033215
1 0.5717782426778242 0.8198892988929889 0.013124128312412787 0.024612546125461245
1 0.5273430962343096 0.7996555965559655 0.010857740585774014 0.022275522755227428
1 0.3059065550906555 0.4483640836408364 0.013591352859135292 0.027724477244772405
1 0.49414225941422596 0.8205412054120541 0.013165969316597009 0.02404674046740462
1 0.2653835425383543 0.44492004920049205 0.013277545327754508 0.026174661746617433
1 0.24743375174337517 0.41693726937269376 0.014281729428172955 0.0273185731857319
1 0.2680683403068341 0.4009963099630996 0.013688981868898184 0.0258794587945879
1 0.4604463040446304 0.8577859778597786 0.013068340306834037 0.0234194341943419
1 0.979002789400279 0.5777736777367773 0.013026499302649815 0.0229766297662976
1 0.5385774058577406 0.8419557195571956 0.013953974895397483 0.02404674046740462
1 0.2541492329149233 0.4909963099630996 0.013430962343096228 0.023972939729397305
1 0.3381380753138075 0.8460516605166052 0.013793584379358419 0.027097170971709685
1 0.9033193863319385 0.599950799507995 0.012970711297071067 0.022521525215252084
1 0.9116178521617853 0.5687330873308734 0.01417712691771264 0.02741697416974165
1 0.9882845188284519 0.6376260762607626 0.013326359832636072 0.023972939729397305
1 0.3208019525801952 0.835608856088561 0.01282426778242677 0.02359163591635924
1 0.8652370990237099 0.624489544895449 0.011959553695955433 0.022619926199261977
1 0.7573221757322176 0.3949692496924969 0.013326359832636072 0.026285362853628542
1 0.7861297071129707 0.7119065190651906 0.013535564853556383 0.0256703567035669
1 0.888186889818689 0.6443050430504305 0.012726638772663878 0.025990159901599152
1 0.8491213389121339 0.7293480934809349 0.013277545327754508 0.02359163591635924
1 0.7338842398884241 0.4061746617466175 0.01282426778242669 0.026076260762607682
1 0.7607391910739192 0.4668880688806888 0.011548117154811677 0.02350553505535057
1 0.8012691771269177 0.7401230012300123 0.012426778242677938 0.023690036900368992
1 0.9550767085076708 0.647970479704797 0.013479776847977635 0.02558425584255837
1 0.9213877266387727 0.681119311193112 0.010327754532775416 0.02227552275522771
1 0.9013668061366805 0.6931857318573185 0.011736401673640116 0.023148831488314803
1 0.9643584379358439 0.6688437884378844 0.012238493723849499 0.02287822878228771
1 0.9516596931659693 0.7741328413284133 0.013221757322175757 0.024329643296432932
1 0.9794909344490934 0.7330135301353015 0.012057182705718246 0.021758917589175957
1 0.9775383542538354 0.8741451414514146 0.013898186889818575 0.025006150061500525
1 0.872071129707113 0.746789667896679 0.012426778242677938 0.025006150061500525
1 0.888186889818689 0.7777982779827799 0.012873082287308255 0.02423124231242318
1 0.9755857740585774 0.8054612546125461 0.011687587168758869 0.021586715867158615
1 0.9853486750348676 0.9075276752767527 0.014009762900976391 0.026174661746617433
1 0.9394560669456068 0.8114883148831489 0.011778242677824178 0.023874538745387554
1 0.9394560669456068 0.8801845018450185 0.01252440725244075 0.024710947109470995
1 0.22852161785216177 0.27986469864698643 0.009421199442119938 0.01760147601476008
0 0.6069456066945607 0.4508487084870849 0.054497907949790855 0.14514145141451415